561 811111 unumque D'lllleOHIAS. 562

1111166116616,61661-661161616661611616166 01 16 666611 661 116 11661 Dion 161116 66
16111 1 16 61166 6616116 1616 1616116661 616616 661 61616 1111 61611 6116666116 111 6616, 16116 16
61 161116 d'autant 116 616611 66 116116 61 666 61116 1611 monetrer ’1111 6616 661 1161166, 61 1611
11666, 61 66 161116 66161 161166 166 6616 n'entrons ne nous 16111116111111611166166161. 1161661
16161 66 ingemunt 61 611 examen de nostre 116, 116 quelque 1616 1161, 61166116116111111166 me·
pour 6661611 61 6116 661 1166 1611661 661116616 661116 611611611611661116661611, 611166’6616161661

166616 d’estre tormentae 16 661116 161111, 6161 1116 1161616616616116 16616161661616 dit: mais
faut-il neantmoins 11611 111 6616’66116111161116 161 11661166 61666116 6611616 1616161666 66611116
16 1616616666, 11611 166 hommes deux-mesmes 161111611611161111161616116116116616166616,
6661611 16616 166161, 61 16116 6’611661661116166 quand il 6616 16161616116111611611116, 16111616
Dleu 166 1 loroe: 61616111166611666116611161, 1611116 16 quelque danger, qu'il 1616 6611616 66
61 11116 s'adionrnent, 1111 16 1661 11611616166 1611611, 61 11661 6616 11666 61 quelque trouble
sergent ni 6116161, 11616 11116 s'examinent pour 6161616616, 11 661666161116. ui 161666166611-
1116, 161661 661611661 66166 116 i’ay 166611 6611- 1666 1666161 61 6661116161, 66 6’661 166 6666116
61661 66 6116 16 6166 Dleu? Quand done 166 1661· 666111161111,11161611161616111616116116111661161
1116616161116611166116616616116661661666166, st venir oomme 1 16 661166. Un petit 661661
66 6616116 166161661 11611161 166 61616161161 11611 11611616, 61 1661 qn¹on 111 1611161616 me·
661 661661 Esprit: (661616616666166611611616, 116116, 16161116111161. 11161111611 11 eneae:
oomme 161 dit: 661 d'un 6661111116611616 6616 16 16116 oontent: ear il n’a 161111’611161616166
empeeohe que 6666 n'examinions 16111166 11666, 1611 61161· 1116 61116 qn'b la 16116, 11 16 66611
61 qu’on 66 166 (1666611161 66111611666161616111 6166166 1611 1166616 16 viando, il n’en 66611611
1111 66616 1661611, 61 mesmes 1616 6661616 16 6161, 1111 66116 111 111 16666 66 6116111661 661 il n’ba
voire nous 116166 16 mal estre bien, et 6616 1611666 66 6666 61 161661. Mais un homme qui sera 16616
1 616116 116 6666 n'avons point 6116161 Dion, 61 66 6616 16 1166161166, 11661 11 16116 666 1616
bien nous 61161111166666 666 161166 6661616 61 66 661116661 666116 111, 161161 111 1116, 16 111611,
n'estoit rien, 61 611 16 161611 61161 1616161 666116 6616 16 166 maison: il 6616611616 116 66 regnet 16
161616. 16111 1666 6616116 6616 eommes 11166- 1166661116 61 111 d’estre 61661 1616111166611616,
161161 161 l’orgueil 61 l'ambition qui 661 611661666 116 d'endurer 16 11111 61 16 6611, 61 161166 166
66 666116 661116, 11611 6616 16 161616 16111 16116161 1111 661 possible de 166661. 01 61 16
droitement 1 Dien 66 66166166661 11616 6616 6611- 1616 1116 61166 111 16116116 1 la 16116616 de
1166. 11 1116 d'autrs 66611, 1116116 6616 166· 11611166 61116, 61 bien 1111 6611 161611 1 6616
111166 1111 16116 111616666, 6616616 66111611616661 161611 6661166611616611616661161616116116161,
1661 166 ebone 166616666. 0111 6’1 6 tristasse 61 61 111 111 1166, 16161166, disne: 61 1611111116
1161116, 116 11611 6616 1616666 116 Dian est 1161116 161666, 11 66 66 66161616 166 1611 16 116661,
166116 Ι6 6, 61 116 1666 66161666 1661116616 161661 116 d’eetre retourne en 16 11166 6161 l‘amour de
111, 66111 none-eentons 66 1116661611116161 6661616, tellement qn'il aimeroit mieux 116661, 61
161611, 1111 briss noe 66 6616616 66 lion: o'est 661116116111616611,11616166661161161666666166
16661666 6116111116116111·6161)16611111666 1 661 1616 16 16 16161161 ainsi: et 6611116 aine
1611 16161 6611111 61 6616 16 111616. 11166116 16616611 16 66 116 666 1616 111 6 61661 11116161,
1166 1611661616, eat· 116616161611166 16666161161 1161616116611611661616666611.

166111116661161161661661611116, 11116 66 161· Appliequons maintenant 6661 1 166116 16616.
1661 6611611661 166161166 16116 6611161111661616 La plue part 6611 oomme petis enfans: 61 Dleu est
Dleu, o'eet 66661611 aux obastimens dont 1166611 1661661 6116161611616611,6111’11 1611166611616,
111666. Ρ611 66616 66166 1111 1116 6616 1611-11 1611616611 11116 n’ayent plns 66661161 16 66 661-
noter 66616 16611166, 11 6111661166 661616166116 111616161161616, 616161166’6616111611, 6116116611
161 666 exemplo 1 6616616116 666 166161, 161166 Dleu, ditent-ils, 161 m'a 16111116 66616 melodia:
1616 61 1666166 666116 Seignenr 6616 1161116 rude· 11616 61116161, 1611 6611 Dleu, ils ne pensent nulle·
ment, que non seulement 16166666116661166’661 166111111, ils 6’66116611616166 661661666666 16
66 61611 111 6616611116, 11616 qu‘aussi 1166161611 16116 1166161, 61 66161611661166166616616111161 ,
61616 166116 116666, 61 1111 6616 redargue des Dieu 166 61611 affligor: 11616 eognoissent 11661661
offensos que nous 61616 6616111666, 61 d’autant 116 11661 ’116 6661 66116161, 1666’6611’66166111’11 166
6616 n’avons 116 16111 16611 16166116166111 61616 61 leur 661 161616116. 116666111616616116
166661 666166161166 161661111, 61111 demandet 61 66 161611 6111666611611616111616, 61661 pas
ardon, qu'il 1611 1111 6616 1611116 161 16166. 161116, 11616161161611. (16111 111 6116 6616 61
16116 16 11661161 116 6616 61616 1 1616111 (16 66 1661116 166161, 611 6’61 1611 1611111, 16 161111
passage. 666 616616 n’estre 116666 ee 16161661 ob il estoit:

611161 epea. 16111111. 66

 

