11661611 1616666666.

66 6666661661 66 1666666 16616 1116616112, 13-53, 12. 116 6661661 1666, 166 6616666 166166, 16 titre
complet que reici: 11666166 (second etc.) 6666166 de lo prophetie de 016161, 1666161166 mort 61 pereum
price d’Isoie.

Volci meintenent 16 6611666 1666-161166666616 16 Β61166;Ι γ

Aux 61666616 66116666 1666166116 comen, (166616 Β66166 unsrun 666616 ur 6666616666666
16666 06111166 666666 86661666.

Neue 6666666 6661 66616 16666611 1616 66616 166 Ρ1166161666, 16666616 16 soit qn’ile 1666661
66166116 16 16661666 61 1166666666 66 666166661 1661661616 166166 66666 66666116666 16 16 1666, 1666666
1 prendre leur nom de 11, comme e'ile 6666661 66 66 1666 6616 16 66666116 61 16 6666 666661 16 1116661·
1666. 1166661661 661166 16 6666616166 16 eimple peuple 16166666166166 16616166, 11661661666661116
66 6666 66616161166666 61 661666 66661666166 qu'ile 16666166661 66166 16 6666116 16 Dieu, Autunt en
166116666166 161666 666 grene 1661666686616616166, 611666 666 eriere de 1161666, desquels 166 666,
66661166 qu'ile e’eetiment 66166 166 6111666 1611161166, 66666166666 16616661666, 61 16 16611666 (16
S. 1166611, 661 11 1661 prendre 16616 interpretation (166 1666116666, 61 resolutione de 1666 166 661616 1616
religion, 66661166166 66 1661 666 666166 166 161166 661666 61 661166, 66 s'emusent 6 166 questione
curieueee 61 plenus 1666611616616, 61 6161116 6611111166 66166 6666661 1666666 6111661166. 1166 661666
666661661, 66 1166 1616 6666116 16 Dieu, 166 constitutione 61 66166666666 qu'eux mesmes 661 161166 pour
661611161616666616 16 Ρ666, 66661616616161 61 6666161 16 16 verite: 166 autres 66661 666616661 66
chaire, 611666666661 666666 66666661 666166 166 enfans de Dieu, 61 ceux 66666616 16666 (1116161 e'ert
666611 66 666 16661666 161666, 166 66661666 Lutheriene, 6611116611, 61 66616666666 161116 1666666666 6166-
contre d'eux, 661166 16 6666616 16 66666 6661666 16 16 6666116 16 Dieu leurs 666666 166116 6116616666,

661 hument telles 6616666 66 66166 1616 6666611666 66161166116 16 16666 emes.

Pnrquoy 1666 166666 61 bien-aimon 66 16666 (116161, 66661 Dieu 6666 666666 quelque 1666111616
1661666, 661 666666 6666166616666 661116666 16 6666116 16 Dieu, 6666 66 166666 16616 66 merveilleux
conte: 666 11 e'en trouve 1166 666661 e’ecquittent fidelement 16 1666 charge: et 66166 661666 6666
166666 66616 66 6166611666 66666666161166 ceux que Dieuc 16666 de greces 66661616661166 d'inter·
66616116616666166 euiourd’huy 666166 fidele Paeteur 61 166 666611666 16 Dieu, Iehen Calvio 1611 grande
ment profiter 16 161661 66661661 qu'il 6 66666 16 86166666, 66166 666 666 predicatione en 6661661 166
16666166666, 1666661166 (61661 666 166166 666666666 6661161166 66 666666116666) 66 6661 66161161166666
coquit, ni 616 16666166, 61666661 (166616661 666166111666 61 1166 6666661666 116 capacite 16 666 166116,
66661 166616666 166661 166 6661 161666166 16 86166666 16666 6666 166666666 6166111661 6616666666666
(16 66 666166161 lieux commune 1661 mescher, 66 66661666 qu'il 61166 66 manche 6666166 16166 666616
1 1666 66666666 16 1166611666, comme une forme 1 1666 piede: 6166 expositione 666666, 66666, 6666, 61
6666666 6666 16 texte qu’il 166 6 deduire: il 66 166 166611 66161 d'exhortetione 16666 propos: 1166166
66666111 66161 d’inrectivee procedentes d’embition. Ger 6666666 6666666 66666 66661 166616 666 166

6666661111666 1616 Ρ666616 666661 16666611616661 1666666666 pur 16 6666116 16 Dieu pour 166 6116666 16 ,

6666666166, comme une 6166616616 16 laquelle 6666 66666 6616 611666666 dee 666166 oriende, 61 661-66
6666116 6666666 u’est 16616611616661 666166 16166166, qu’il ne 6661166 666 16 666 interpretation pour
61166 666666 comme 166 Ρ6616166 1 1666 66666 616666 666666 61166661 comme chiens 16661166 666166
1116666116 6666666161 666 16661666 16666 66 monde: 16616 66 666616166 661 16 666666 66 11 61 666
166666 661 1661 6 6111661166, n’omettunt rien de tout ce qui leit 6 11666666 16 Dieu et instruction

de 666 661116666.

 

