241 1οΒ οΗΑΡ. XXXV. 242

bien 166666 16 6166611161, 61 6116666666 66161 6666 66616611 161666, 61666166 6116611666 ne 66
aussi 16616 66666166 16 nous humilier 1616111 1661 1616166166161661 1166. Veiis, ‹ii-ie, 61 11 6666
01 16616166661166611666 66161166 66 66 trouve 66 166116611. Et 66 16616, 66661 nous 661666
661 66 66661616611 ΙΙ 6611166, numme 16616 6666 1166666611 6616166661611166,66’61166 6666 6611661
61666 1661616, 666 6661 661 6661 6166666661 16 1166116 66666. Le premier 161166116, de 6666
61661 61 16 6616611166 61161661 1 Dieu: 61616 66111161666 6666 66 661666 66161 11661166 66 666
6666661661-661 06111 6161661116 66611166 1166661 61616666. Ρ616666 11166 161661 666 16 16666666
1666611661 061-116 1611 66 6161616 661 16 66· 6’6611661661666111611116161 envers moy, 61 6611
6661666666 166 616666 66116 6166661 16666661 66661166616611616616616 mu 116, 61 66611661
Nenny: 166161661661616616. 111616611666, d’su- 66661666 infinie 666 16 66 home: 1661-11 666 16
1661 666 166 hommes 66 66666166661 66161 Dieu 16616, 66661 16 16 11661166 16166661, 6611 66
666161616611661661, 6166116 66 1616166616616166 m'exeuee? 16116 1666 66111616 6666 616611666 166
1661116116 166 11666 66116 16661166116166 ineessem· graues de 11166, 6661 nous 16116 66661616 666 66 66
61661, 61666 6611661116 6666666166661 666 6611 661666161166166 66116 16 16 16666111. 111 6616
166 6 61666 1666 image: 6616 6611661 661, 6 11 66 6661 16 666661 11 6666 1661 666616116616661166661
1661 6166 trouver estrange, 61 11166 6666 luisse 61661 66611661666616666 6666666 61661 661 16661666
16666116661666111166 666 miseren: 61 666 6666 1611166, 6666616 6666 66116 16 666661611611 16
6’666616611666 66161 666 11666 666666 66616166 16 166166 6611 6666 afflige: 666 6666 66 666666 66161
1661 6616666 n’en 66616166 666 dignes. Veiis 1666 61 1661166 16 nous 16661161 6611116166, 16616 plustost
ee 666 6666 61666 1 66161 66 66 6666666. 01 6666666666661661666,11111666616666166611166
61616166661 666 6666 1661-11 16116 1 1666661161 1116161161, n’est-ee 666 161666 6611 611 1661 11611
Ρ616 66166 16 661661 1166111 661 16 166616 d’Eliu pardessus moy, 6166111116 666161661666 plaisir?
redargue 166 hommes 16 1661 pervenite, 61 1661 06661 1666 6666 1161111666 6666 remetire 6166111
munstre, 666 6116 66 6661 66616666 16 11166, 61 661666616166111 6666166 6611 nous 6111166, nous
6611 66 166 1611116 661611616616 16661, 6161 1166· 66 1616661666 66161 66611661 16 6666 6666161111 1
1661 6116 66 16 6616116111 66161 66 verite: 61116666 166. 111666166661 116666166616666 1661 16
6116616666 summes presses 16 meux, 16 166616616 11666 16 66 mein: 61 61661 11 66 1661 666 666
1611616661161166 11666 66611166 6666 6616 16116 6616166661 6666 6166661666 16 6661 exemptor de
1166666116. 11 6611166 66666616 6111161166 161661 6661666. Voile 1666166 deux 616666, 61116666
1661661616, 666 si 16 66 16661166 666 16, ee seruit 166166611666116 666661666666 166 graues du 11166,
666116 16116 1616161 66 1666666111 16616 166 11166 quand 6666 16 vendrous 16166661 66 verite.
ne 1166111 66161 16666116 Ρ616 661616 161, 16116 66 01 nous-nous prosternemus 161661161666 16
166116166666666161616 1166 66611166161661 61 666116 bon 11166, eiu
66 166161 111661 bien 1666666 16 6666 1666 166

LE OENT TRENTEHUIOTIEME SERMON,
661661 nn 111. 6666611111611161666.

12. Le ils 1116661, 61 11166 ne les 66666616 61666666116111611666,1166661661616116161116116
661611666161616166611 des 6166611666. 13. Teretes 16 66666 6611661666 16616 1661611. O'est 666Ι1166
fois 1661666111, 1116116111 66161, 6116 remunerant 66661 iln'exeuee point 66611661 66616111666, nous
116 prend 66161 66116. 14. Tu 66 dii, 11 ne 16 6611 munstre 6611 1661 1661 116 6161 6616, 66166 qu’ils
66161116111666616611666111166, 6116616. 11. Or 6611666661 6161611166 11666666111611616611
maererent 6661111616, 11661666 err fureur 61 ne 661661611Ιί6 61616116611666616616666616116166
martie 66161 616661661661661. 1111616161 a 66661 11666 61 616666 666 6666 61666 166666616 16 61616 ,
666666666661666116111661666666166111666 de 11166, 66661 1666 16666616661611611 66166116-

61661 6666 66 6661666 666 6666161 66 166. 0661

Ρ66166 666 16 6161111616 66616666 666 6666 66116166166166116 6661161661 06 6661 166 616-

61666 61616166611 1661166 66 1611 6661616116 66 6166666 61616116666611166 666616666. 1161666666-

61661 opus. 16. mr. 16

 

