611 SERMONS 612

66116 6661666661 61 66 16 fin nous 166668 666 8668 666666 reputation: 61 6618 6116681611 eomme
tous se dressent 666116 luy: 616666 une 1666 66 11666 d’arbre qni 6616 6816 66666, 66 66161616
16116, 6611668166666168161166, 6166616 666661 deseos et 66 6616 66116 6666161166. 16868 011181
66 chacun, et en 16 66 66 1’6 61116166. 0166816 6666 6 6816 66666 66 66111 86166661 6618 11 681
6611 le estoit maudite de Dieu: 61116681611668 611 6618 66168, 6611 61618116 66 16116 86116, 6611
seulement 66866616 661 168 86616618, 168 61661618 1616 6611666 6 166116 66666. Yoi aussi 16 Ρ16·
61 16 66616666 d'espines meis il a 6816 male· phete 6668116 6611161611666668116 6616666116868
diction, quand 11 6 6816 66666 entre deux 11116666, fust ainsi 66861186 66 666666666661. 06161 6616
oomme s’il estoit 166168 6616816116 661 166618 6681 66681 6816 661666661 6661616, 66 6661611 68116
6816 61 1681 66666. Or 66816 686666 66 6611-16 8666661116 6 bon 616161166661 16 16666 66 668116
681611 6111666616, 666166 666116 681611 6666116 66 66166661 16868 (111181 68116 61681 eontemptible 86166
161166. Voyle 6666611 6 6816 desfigure: 661 oe 16 66666. (16111681611611, 66116666616111668-
66666616166166 66 86666616 661 hommes. Et 16618 quelques 668 68818 86116 81666 66 06116, 61
6661166116 Ρ1661616 661666661611 6666 66 616116 qno 6681 66611616 66111611666666661 6611 6 661611
66111 6 1111666116, 666166 666 168 166668 66 6611- 861611611666. 0116616 66816 1661866 1166616 661
1661 666661611 666 6616 861116186666116, 6166666· 68166666 16866 61 eneantie: 61 661 68116616 666
1661 666166161 661166661 666 16 1118 661666 66 16 61666886 s'aeeomplisse 66 16 66186666 66 668116
11166, 661681166616666166616116, 86116166866 66166661 18668 Christ: 66111 66 61611 61118 6666-
161 66616116 61 ignominie: 118 66 86 6661661 66661- 16666 666116 66681 68116 remise 66 estat. 11618
661 6 66 6668611 6161661 6611166, 6166166816 66 6666611681611 666 66816 661866-16 8616 66666
16616 61616116. Ν611816666866161666611161661166 16616 661611116, 61661166 6616 6168 666666 pre·
du Prophete. 66166666 66 seeptro, 66 eouronne: et mesme 6666

Or 1666886811 611666 6666166168 81 861611 6616 6668116616 6616611 666 16116 111166 61 666-
eslere. Si du oommenoement 11 616 66116 appa· fusion: 66666 6666 16616616 681 6661616 661 168
16666, 11166 16 1616 eroistre: 6166 1616116 616611, Ρ16616168, 61618 6668 avons bonne 661166, 68661611
611-11, 66681661 66 16116 6686116, 681661 116 66111 16868 Christ. 111 66 1661 668 666 6668 866668
8616666, 81 66 16188616-11 668 d’estre 66666616, 61 68166661, 66666 d’une ehose 66616116 61 16666666,
66 66111 66 16616 gleire: 661 11166 6 6161116 16 81 16868 011181 666616181 d'une 16666 81 661116. Et
6616. Et 6618 11 6668 166666 6 668 666161, 6661 66 16161, 66 6681 66161 8661616661 66 661166 66616
6816116 86666616 6116 6668 666661668 661 16 661· 6.]18611166168166116. Nous 166668 66 661 681
1618116 66 668116686111. Afindone que nous 6616111- 611 661 Amos, 666 11166 1661688616 66 81666 611
81668 668 66 16611 6 668116 66166661 16868 Christ, 61611 6816 16166 6666161661, 66666 66881 oe passage
16 166668 61681 66866616, 16 Ρ1661616 61668116 16 681 6116666 66 16 61661116 668 Aetes, pour monstror
66686 66616666. 061 6 16 161116, 81 6668 61668 que 668116 66166861 16868 6666666616 6 166661,
666 1618 66666 668 666161, 61 66611668 ayone ap· 66666 11 616116 611166 66 1666161 168 616868 661
616166661116 66 11166 666111 6166661, 61618 6668 6816666166616868. Et notemment 11 61611 6816 611
116661668 6 668116 66166661 16868 Christ, 81 16 6666611666666-1686161166666 16611666 6166 6166
66811 666 6668 661668 d’estre 86666168 66 166, 1616 16 66616666 1166616, 61 6611 66 661611 66161 66
666 nous 861668 1661616866686661 6 reeevoir 86 6161 666116 661161, 1686668 6 66 66616 Redempteur
mort et passion: oar nous 666661811668 666 6681 16168166 166666. 'Pontes 668 choses-la 66666668
66 166666 6666886116 6661 16 661 66168166 nous: , 6661661 6661611661, 666 666 nous ne 116611668 66161

16616 6666 66 86666 16 procedure 666 11661 6611 68116666 666 168 666666666668 66668116 66166661

16 Ρ1661616. 01 66666 11 666666616 668116 661· 168680111816666168166168166118.

6666116868 Christ 6 66 8616666, 616666 166166 An reste, par 6666166 terre deserte, 16 Ρ16·
661 681 66 16116 6686116 61 8161116, e’est 6661111611· phets entend 6611 66 86611616 668 666 668116 661-
81161 666 168 666666666668 serent 66118, 616666 ¹ 66661 16868 66616 61618116, 666 6168 6666 61116
666 1166616 eonte: 668668 666 1661 16 616666 6616 i en un desert, ou 11 66 6 61 1611116116, 61 1166661
661666 666666116616611866. 116816 66 l’onaieme 8611. Le 16616 6666 6661616 66 61116 66866616,
6166111611 61611 6666166616 668116 6616666116868 66116616 d’estre 666111, 61 66 11161 substance et
Christ 6 66 8616666, 6186616611861111611 66 11666 1616661 66 16 16116. 01 11 681 611 66616868 Christ
d'laai, 661681 le 6616 66116116. Pour oe dono 86166168166 666666666661, 6661 61611661 6611
66616 661866 1166616 681611 61618 6116166, 61 66 66 6616 66161 66 666668 661 bas 6661 l’eugmenter:
61611 6168 66116 6166116, 11 618611 666 66 861611 6618 6611 6166616 866 noeroissement 6661661 61
66666 66 18668 16618, 661861 681611 66 16666 66 16 16116 8661616 66 11166 sonPere: 6611 66 6616
616666811611616118686616681166116186166816618 661616166 66 6681666 monde: oar 11 66 6 666
’ 668 ehemps. Ceste 661866 16 681611 6666 61186616, 8161111161 61 6616 66 668 6816 seulement de 86 6618-

 

