311 ΙΟΒ οΗΔΡ. XXXVIII. 318

0006 1616066 6 000116 0006101110 16 0160101101 1006· 0100160000006 661661601 66066 10160161610061,
61001, 11160116 000 006110 161061116 66 61066116, 61 11 1601 1116 000 1606010060006 1066166 666, 11010
006 0000 16100611006 006106 66 006110 601606. 60011 00101 d’ordre an 6100161 16016116 10 motin
Retenone 1100 1000 06 061 661 101 111, 066 666606110161101600116101, 616000611606110116
Dieu 6 mie l‘orclonnorter (1166161, 0001 1116, Ta 160011 611611 6606 0066 11 n'ycvoit 00116 disposition,
1166166066611. Si 16 0101 661011 100016016 061100 1100 000616616161166600006. Puio qu’ainoi 061
(comme on dit) ot qu'il n'y 6061 06 1001111100 60 0060006 001166 06116 016606661000 0006000166
tempesto: on 0’6006166016110010161 bien 1601001- estre 0166 000110101160161 16 0000 demendo 66016-
16006 1611100, 61166010 06101661 qu’il 6 1661001- 61001, 6066-00060010106016616616116 ou elle 1011
6166, 0601 166 01610160110011166610066. Maio 111611 06060166100061100066 100016016 61611166 ·
quand il y 6 066 1106006 100066 6 16 6161, 16 6600616 fai. 01 16 6101, 161 166 16 001010600οέ
61610061 611601016100101601016011 611001661016 01601 10 016010 11666106 60116 16 016116 61 166
qu’elle ne 66 0601 106161161, 10616 006116 661 010- 100011661 161 6661006 16 101606 1016001010001 166
0660166 061 66616 0110606600 10111661 00116 ou tenebree: 61 0016 1’61 1611 601111 l'anbc du 1001
0006 0000006 60061000011 0001106111οο 6 1160066 00601 100 1016 06011161 i'ai 006611106 00 01116
100160100οο 1066016 61 reiron. Or 0601 66 0001 perpetual qui doit 66116 admirable: 01 61 0006
66160116 0106 1010. 061 011601 0006 000006 166 0101166 061 1100 0116106, 0006 061166 000116101010
0061166 66010666, 11 semble que tout doive 66116 confessorque 066 choses 6001 1601 excellenterque
106616 hautot 166, 0006 0160111060 incontinent con· 1160 0106. 01 10010616 66101116111006010060006
1601601111ου, s’il estoit 60 0006, 001160 161000661 1000166 006, 600006 061601000611616061 160601
000116 10016 06 qu’il 0016101 100166 006 610606. 01660166 qu’il y 6061 1001016 0166. 01 000 000166-
116106100οε 611601066 116006 60 06116006, 0006 0006 1116, 006 61610160601 0006060166 6100 10-
6000016110661’00 00616 00011160 6166116 1661001· 16100011 (10000061601661016000011601011 01
0106 6160 11011, 00601 11 6060116 166 0061166 60116 000166 00 000 166 Ι606 000 16 100610 6 dure: i’oi
eux: 610016, 0610616110661 monstror 66 061161 00006166 1060066 101 00110 61 00006106 60 10116
66106661 16 166 6016 61061 6110106, 11 6016 0016 60110, qu’il 1601 060 tontes 016610166 0001066601
60106 6616101 60 000 611601616161006. Et 11100 qu’ellce 6061 001000606 66 000161001601 0606610
, 61016 exerce 600 office, 100061 11 661 1161116 60 166110000110. Or 000οο1601 11 0006 6010110 006 16
Ρ6660016 46 (0. 10) 006 c’eat 6100 tle 1010016 106 0606 1166 16111606010006. 01 cover-vous comme
160066, 10 1110611οε 660666, 16 160061661 166 61611016, 11 1611011 11600601 16 016116, 611611161 166160611061
61 1610061601 00 061 661011 600616066161661060160. 0016 0660000 001166 00116 61 660661
111601 1000 0060006 60006 100010016 (100601 166 101 1000 00 01610161 1100 006116 sei 06010006
00011 01 60 01οω0116 10110606οο6 1611100, 60106 1610606 6006116 0610660061 0610016611116011, 006-
laquelle il conduit 01 00006106 166 11001106 001 166 000 6061 160016 00661 66166-0066 60 mondo?
semblent tendre 6 000 fin mauvaise: d’antant qu'il Voici lea hommes qni sontcomme tenerentque, 61
6000611161 1001 0016 0611100. 061 06 0’061 00161 1061 qn’ila 6001 066 16 01011 166 monaco. 01 bien
66666 006 11160 10066 guoricon 60 01611106161160 01 111601601 10006 10 vivre quelque 100106, 116 60
066 61600616, 60 66116 006 0066 60161666 oon· pounnenent 101, 0001016 116601116οΡ006061690
116101616000166601,00’110601166600001111001006 (0. 3) 10616 incontinent il 1601611 1001161, 06661
06611001166 6101600001, 000610006 0611006 1006· 11606116111101610016, 6100116 ont 66016 un 060
10016 00 06111 610016066. 0100011601006616006 001001616601600011166, 11160 1661611166 601. 01
006601000 1166 oux 060666 001 6061000001 11160 6 06060160160 16116 1161001610 016001 06666 0001610
0000061 1616 11001106 60 monde, 0006 00 murmure· nn 0601, etqui 06606010 incontinent, 166 10101066
1006 01060001101001 6161000666 106 0601010οο06 001 06 6061 000 0001111016, 0661001 006166161 61
066, 0016166000 00161 06011601 (1610101 00 10616 0161161 000110 1601 01661001. 0100 eat-oe oller?
reverenoe 06 0006011 00611160 1011601 061 160610 01 0οὀ0 regardo on 000 6 606 61010116. Ainei
6001 01610 611061006οο 06116606, 000601666οε 066116 100160 1016 61 quantes que 0006 601066 16016616
061116 001166 61 1010606. 0006 0106161616060116 11160 61 10 660 0600166,
0161616 0006 001010061616010 001 0006 661 1006111066 qu'il n’y rien 0060006 00106166 0661 006
101100660, 0001616 600616611 661 111, Aser 1160616 06 000 0006 60006 06600 0’6 066 6616 6 grand’
166106160010160611611601611616 motin? 101 (16-16 00106 0061 16001 106 06011 60 6161, alin de 0006116161
soit 0006016116 600 tien (1611 elle 11011 66 tirer? 101 60 100 0000 queo’eat de 06016 61610116 00166160
006116 00106601 06161616 6 60 01000061 16 1601600 11160, 0166000116116 000 0’661 161611610616 16
160 10101060, 00661 116 protument 16 10061 061 000116 010. 006610001016 6006 60006 06066 6

166606101, 01100010 00601 60166 0000 0061 100 q 0016, 11 160116 000 0006 sermione 16 106016, etque

6-11 00161 60 16 1001 00 10 016116 160601 0066 1006 606 6606 600601 160106, etque 0606 n'nttentiono

 

