23 81111101 CXX 24

001000 0001 pour 01011101 000110 Dieu, et 0001 1000 101000 10000 00 010010, 00010010οο1οο 10110
edifier 0001( 011 00 001 100010, 11 001 0011010 000 superstitionem 00110 0010101001 1101001001 000110
nous sommes 1001 0101 0011001100. Voilo 00 010 10 10011100 10 1110001101 0010 00101000 00100000
0010 01000101 0 00101 0011 00 Item. 100010.

010000010011100001001111001 loire 1010001- 10110, meis 10101 10 0000000 011 0010 doit
00101000 10 deux degree, e’est 0 001011, Qus 01 010101 000110 00 101 0000101οε O'est 1100111 de
o’est 110100110000101011100000 000001010ου1 hom· Dieu 0111 10010000 teme, dest 11110011011011110
10000011110001001 100 0110000 011 0000111000010 Teuc-puerant 001 denne intelliyeewe. Voyonenoue
ceste 110 00110001 010 0010-00 10 10 10011100 10 100 hommes 00110 povres 01000100, 01 tellement
11100010, (10 1011000 religion 0100101 Aurens- 0100000 00 100010000, 0111100 00100001000100101
0000001010 0010101 Le 00111000 00110 00010111 10 1110001101 00 0000 0010111οω00 00101100010
001 000110 industrie? 101001 11 e'en 1001 beaucoup. 11001101011 0010101 10 0011101 de l'bomme‚ de
811 001 question 0110 1001100 0011 100 01010110 00 110010οο110000010101011011100000 0000011
1000010 0011 000010001 100 enfans, qu'il 0011 100 001111100100. 11101000 0001101100001110000100000
0110001 01 01010010, 0011 0011100 merebant (10 0011010100001000001010000’001101100,001110000
ville, 011 100 101001011 100 0100100, 0000100 ient-il ou 11011, 01001 0000101000 00010100 000101 001
0001100111 1011011 10000000 00 1011 0010. Uo 01100010 1000101000 0010010 01111110 10000 001-
homme 0010 100010 (100110 0101 00 100 01000, 11000 populos, 00111001010110110101101001 0000010·
0010010100 0110 10000010οο0 1000011001 00000001010 0000000 Dieu 0 1011 lt 10 miruolo. 8100101000οι
0100 01001 000111, 000 00 1010 000 10 (1101010011οο. 00001 100 100000 0000, 000001000οε 0011 leot 000
01 (1000 00 (00100000 choses-lo 001 semblent estre Dieu 100 011110 0 001 1100 10000 merveilleuse,
101001100100000110000 10 prix, 01 leot-il 000 001100 00110 00 100011001 000 aisement le 1000,
1101 distribue de son 000111 eux hommes. 1101010· 1011001 00110 0001 010100 10 010000101100, 0001010
000101 0010 100000 0 10 (10011100 10 111000110, 0010 01000 dit. Si 1000 Dieu 100 1010010, 01 qu'il
10110 100 0000000 011 001100010 1011 0000 1101010, 10010010 (1001001001 00 01010 1011001οο qui 0 pesse
mesmes 011001011011011001111100001 10110 100 00· 00110. dinei, 0010 1000000110 00 0000000 0010
01010 10 0101 001 0001 00010000 00 1110001101 001 1011 servir en deux ehoses. Le premiere 001, 0110
11 001 question 10 0000010110 1101 00 10 personne repensque de 00011000011100101000011000 1001010
10 000 Filo: 01 00011100 000 000110 80100001 10000 00110011 01 1001 010 10 0000010110 Dieu 00 00
0011 10000010101 100, 01 0010001111 0000 10010010· verite, 0010 soyons 101100 10 1011 000110 0000, 01
prendre 00 10010010111100, 010000 00 0001000 000 yrenooeions. 11 e'est 00 010 101001 Ρο11 appelle
nous 100101, 01 1000001 000110 loy 00 luy. ll 001 101101011101. 1110011000010 0000 000000 10110
01001100, di·ie, 000 0010 000001001000 00 011 001 10· 1010, 01 0000 1011000 010 nostre 80100001 0010
001001010001110 01000111011010100. 01 donee’il 1001011000 dese 0000000( 100101110, Il ne 1011
1011 0101101 00001 001 0110 (0000010000, 00001 00101000001000001110001100 11 nostreque noue
nux 00100000 1101οἰ000 0010000010001101101101101· 01111000 01011 00 0001 00 001οε 001 00 001011 1010101
10110, 001011011110010000 001001100111, 0010100 10 00110 0 Dieu. Ainsi dene 01 00101011000 010
10110 101001 0000000110 point per nos subtiliter do Dieu 00011010 10 01000 10 000 001001 100111, quood
eognoistre 010 o'est 10 Dieu et 100 0001010 de 000 11 0000 00 0010 distribue quelque portion, il 1011
ttttlttltl 11111111111111111131111 1111ἶί 111111111111131111 11311ῗὲ

1
0 0010, 0001010 111 001001 Paul (1. 001. 3, 18), 0001 0000 100001100011101010000 intelligendo, iusques
0011000111010000101010110 0000000. (1011011010 00001011011001101100. 110010, 0100010 0011
00010000 0111 00 10000 (1. Gor. 2, 14), Que l'homme pour nous tooeiours loire persister 00 000 01010·
000010100 000101001 lemeis 10 10011100 10 Dieu: 00000, 01 0110101001 00 0110 grande 0101010 010011·
o'eet 01110 000001001 000 100 hommes dementent eitude: voysns que si Dieu 0010101 10 010110 01110
00 1001 0011101, 110 00 001001 000 e’est de Dieu, 01 01100 00 0000, 0010 0010010010001100, 10110 0100
00 00110011001010 0000101 00 00101οε 001 010 001 des 1000110001 horribles‚ que noue 100 00111000
0110 1011 estfolio, 11100101Ρο01(1.001.1,18)1 iemnis 001111. 1101101001001010000010001101
00111 semble que oe 0011000 10011100 0000101000, 101. Le seeond est 000 01 0000 101000 10 0100
0100011001 11 n’y 0 000 10 0011100111 1011101011 010010 multitude du monde se desbsuoher‚ 01010
00001000010 101, 01 001 0010 illumine. Et 0001 00100000 0 01001 peine 00 11101110 1000010110οε
10111100 00110 0010, 0010000 00101000 001100100· 0000 00 1101111000 00101 00110000 000 100 hommes
blouys quand nous voyons 0011 y 00 0 1001 0011 000001 01001 1100101100, 01 01110 100011 100 100100
011000001000010001001 1011101, 01 (0000100000 00010000. 11000101011 Cer o’est l’Esprit (10 Dieu
10000000 10 0000 011 0001 00 0000, 01 0111 001 001 donee intellipenee. 1110 0010 1000 0010 0011

 

