653 DE ΙιΑ ΡΒΟΡΗΕΤΙΕ DE CHRIST. 654

contemptibles: nomme 6666 16 666666 661 plusieurs 16 66666661 61661 tormenter 61661 appetit: 661 116
passages. 81166 6661616, 6616116, languent 66 nepouvoyent 1166 666616 6666611 deDieu: 66666
6666116, 611 6 6 qn'un 16666 n’ait nulle 61666 66 66661 661661 116116 66 1161116 eux Artes: 0166, 111-
6 1166 661161, 66 6 1166 16116, 6611 6’611 66161 11, 6 6166616 66 666 66 6616 61 666 6666611 6666661
16 66161166, 6611 6’611 66116 dexterite, 6616 66 161616166. Ainsi 1666, 666 6666 6666616 11661616
66666 16116116 66 1166111616. Β1161 e’est pour 6666166666 166616611 16, 6611 6666 1661 6616661
1666611666 666 16 Prophete 66611 166616 e'est nos sens 6 0166, 61 6666616116 66161661 luge du
66666611 666 666116 86166661 Iesus 6 6616 66666 66616, 11 666616 prendre 66116166116616666 666161
16616616, 616616 n’e 116666 66116 666616666 66 6161166666 66 16 6616666616 son 1116661666, 616
166666166661166661 66116 66 1666161166 666666 666 6666 66 16661666 6666111611 61 666 666 6666
66116 les hommes. Non 666 666 166616616 11 n'eit 666661666601116166616 616611616 16166661, 6 66
66 661161666 6616666 6661 66116 166616 6666616 6666666 661661666 6166166116 16616 levee: et 666
Fils unique de Dien, meis 66166 6616 61666161 66 6666 666611666 666 0166 66 6661 66161 66611
16116 66116661 666611 6 661616, 66ὀ6 16 666 in· seuvenenee 16 1661666661616116166, 661 6666166·
firme tellement, 6611 6’6 666116611616116, 61 66 16666166666 16166161166 166661 166. Et quand
sembloit pes 6611 1661 1666 1666666 grece pour· nous auronseognueele, 6666661666 beaucoup 616·
quoy on 16 deust 611661. Et mesmes il nous 1661 116, 666 seulement pour 66 1661, 6616 6661 1661
1666611111 ee qui 6 6616166116, e'est 666666116611 6 1616666 de nostre 616. 061 b 16 661116 e’est 666
6616116666 61 1616 16 16 16616 16 0166, 6611 6 16611166 616666116 11 6666 1661 tellement vaequer,
66611611 les horribles engeisses de son iugement, il qu’eneores 6611 6666 semble 666 6666166666 bien
e en 666 66166 661161661616666 61 6666666161166 666666, 6666 66161661666 pes 16 mettre peine de
666 1166 plus: et outre 6616, 11 6 6616 611166616 6666 666161661166166666166.

166 166666, somme s'il n’eust 666 6616 digne 111666166666166616666 16 Prophete ediouste
d’estre 66 reug des 6166 marenx. 16616 1666 6661 6166 pende expression, 6611 mettre 666 6616
666166 16 1116 16 0166 seete afflige. Ρ616 6661661 6661 661161661166 16 peche: 1661 61116 666 Ι6666
661, 66666166666 1161661 666 0166 66 l’e' point Christ 66111616 66 616 6661 16 1616661166 166 hom·
espurget, 6611 6666 6 espergnen de nostre 661161 66661 6661 16 6116 16 16616 166166 61161661161.
6166666166116616616161166666 16666 66666166 16 01661 16166161 16 11661616 6666 6166616 l’obeis·
6666 16611161, 616 666 6666 616666 6166 16 16616 66666 6616616116 161116 16 Dieu: 661 66666 11 6
16666, 61 666 6666 66 61616611666 666 16 6666 111666161616166661661111661, 666616616166661
16611161, 66 bien que nous ne 16111666 66161 666 1111166616666 66616 il s'est 1661666166161166
peeben 16111616 16 166, 6616 666 1661661166661 6616, 61 6611 6’6 6666 661616166, meis 6616666
6666 6 66661666, 61 666 6666 666666 666166, 666666 66 166661 666166116 66 6166 66611166. 061 611
16 1666666666 661 66 6 6616 16116. 061 661-66 666 6616 166616616 16 66661666 666 166 666111666 1666661
16 616661 S’ily 66611 66 66616 6611611661 661 presentes 6 0166 661 166 166666, 66116 1666
6661 commis tous 161166166 61 1666616666, 61 1166616 6616616 61 (16661166, 66666 66 dit: 11 6
qn'epres 6611 661611 66666 666 66161666, 11 6 6661 16661616 16 666666 666 666116 Seigneur Iesus se
le 1116 d’uu 1166 661 166166666 66 16666661 6661 6611 offert et 616616666 6 16 6611 6611 6 enduree.
661161 16 66611166, 61 666 16 6611611661 1661 absens Et (66666 111661 1161 1661616) 6666 6616 666 16·
6116 1661 661116, 1661161111 6611 66 6661161, 61 16111666 66 66166661 666 16661666 166661 Dieu: 6616
66116666666661,66666166616111616116616661 66661 116616 666 666, 6’661 6 1116 6611 s’est
666111, 61 66116116 66166 6661 1661 01 661616· 16616 6166161 6666161116 6 6661111116 666166661166
6661 6666 666666 6666166661 66616 16666011161, 661 6666 6616111666, 66616 66661666 6666116666
16 11116 661666 16 0166, 661 6616661166666, 6166616666666 66611 61666 66616666 16 66161. Et luy
666666 1611111611 1166166616666, 61 6666 666666 66666 16 61661 61666666 66 66166116166, Nul ne

ebenus: il 661616666 6166166 6616666666, 616666 6161616 66 616, dit-il, meis 161666111616616 666

666666 establis en honneur: il est 6666616 eux gre. Il 661 6166 666 66 616 166 6661666166 66661
6166666 1166161, 61 1666611616 6666 661 16116 66 11 6 6616 6166116161 6666 666666 16 666116161666·
Royeume des 61661. 066611 1666 6666 66666 166166 6116 strage 661 6616 6666666 eeux qui le orneifioyent:
ees 616666, 661-11 66661166 16 6666 16611 66161616, 6616 166166 66116 66 666666661· 1166 61166161
6666 616116 61 6666 1161161 66 666 vines? Ainsi 666116166,666616666116 1666666166616, 6166116
1666661666 1166 1161661166 16 661661 1166111, 61 1616666616161661, sinon 1661661666 1661 66166
166616616 6616666 66 661, 666 16610166 qui 16 661616116616616116666666611616616116016616
66616 affliget: 66666 611 116611 666 6666 166666 Ρ616, 66666 16616 6666 66666 (1661616, 6116666166
666 6611661 666 666116 Seigneur Iesus 66 6611 16 pessege des Actes, 116 n’ont 1611 61666 66666 16
616 66666 6 16166166, tellement 666 166 66661666 6616 61166 666661161666616616111. Μ616 66116

 

