131 ’ PREllssllR SERMON 136

000 000 Dion ho regerd 0 000110 1011101110, ofin 0011 doigno bien eeteodre 00 0100110000 1000000
000 0000 00000 10000, 01 000 0000 000000 000000- 001 100, ofin de 0000 000001001 00 00010 010 1100-

ment eoologeo? Dico dono 00 cachant 01001 000 0110110 01 0010000, 000 0000 00 10011000 00101
001011 10 0011, 00 00 monstro-il 000 000110 Pero? quood 0000 001010011000 1000000 0100, qu'oloro
Apros 00001 0000 000000 000 10 10110 produit 000 0000 00010100101000 100001000οο 000 0000 000000
110110 0001000110 0001111010, 00001 0000 000000 0010100001 010001010001 0100001110 portion. Et
100 010000 01 1000 100 ohongemons et 0101011000 001 0100110 Roy Ezechiae 101001 10 1001 0 Dion: comme
0001 00 001010, 00 1001 0010 0’00001000000 0000 011110011,Ηο1001100101000001000100010001010
pointcomme Dion 100001οἰ0 0010010000010000 0001 contempler cloiremeot 100 greces de Ι)100,
0111101 100010010 0000, 01 comme il 00 00011010010 . 01010 00000100110 000 000 1001 0010 m'est comme
Pero liberel 000010 0000, 01 000 0000 100100000 100 1001, 00111 semble 000 Dieu m’oit 00010 1000001101
beneficos temporale 0011 renoscit, ofin que 00100 10000011 m'ovoit donne euporovont, et 0011 00
moyen 0000 000000 0111100 pluebant, o’eet 00000011 merente 01000 1001 100000011, d’ootont 0011 0110
ecognoietre 0011 0000 0 0100100, ofin 000 0000 001110 01 1000000. 11 m'o 000000 000 Prophete
perveniens 0 10 010011010 10 1000 01 10 10010 0000 oe 01000000, 00010011011101000. Helos et
10110110, 00001 0000 001000 000101010 0100010001 00001 100000010οο 0100 designo do 1010010 10
01001 mon Dion, ne 0011 10001000 00 001000000 0001 100
Voylo dono 0 quoy il 0000 1001 100001101 10010 eoulegcr 00 0100 afflictione, 00001 0100010010 001000
000110 010, 01 0000 00 0001000 qu‘elle 001101001110, 000010000 10 10 010111 Voyle 000 1000 grond’ 01110
01 00001001 d'one et 10 01010 01 10 10010 01 d’heures 000 000110 Seigneor m’e 0100100οό 10 01 000 10
01 10 minutos 000 0000 001000 00000 001 100, 000 0000 1011000110 10 1001
0010 01000 00 00010 0001 100010010 augmentet et 0110100000 00000 01000011111 000 0011 00
enflommer lo rengeonce 10 Dion 001 0000. Et 10 010, 0011 00 10 01011, 111001100010010 000 00010
00011001 00001000 0011 0000 1001 001 contempler groco 00010 0000 0011100, ,0101 00000011 000 Dico
100 0000100 10 Ι)100, 001 00010 00001 00010000 0000 none donne sentiment (1000100101 01 00001 il 0000
00100100 mie en oe monde. Et 00010 00010000 00 10000110 0011 0000 001 propino, 1001011000 1011110001,
1. 01001110 00001 10 Ρ10011010 0 00010 redarguor 01011 0000 1001 languit 00 00010 010, 011100 001·
100 10110 d'one brutolito 0110100, Ile n’ont point, 10000010001101001001. 11100001 000 0000 00011000
dit-il, contemplo 100 0000100 10 Ι)100, 1100110 10 1100 gemir et 000001101 d'eetro 0001110 00 00010
10010 001000001100, 10 10010 goormondieeo 01 die· 011000 10 penho. 11100100000000110001100100110
001011000, 10010 10 0010110 10 mel 1001 00110 n’ont 00010 gemir. 000001 100 0111011000 000 Dieo 0000
00101 contemplo 100 0000100 10 Dion. 11001 10010- 00000001 10010 1001 00000 none 0010100010οε
100001 10 100 Roy 1100011οε 0000 01000110 0011 00101 (10 100010οι0 1001110οο01 10 Ι)100, 010000
00011011 1010011 000 0000 100010001000 0001100, 01 10010011 00100 00 1011100 detentos 000 fescherias,
000 10 10110 01001101 00001 nour 0011000 10 000110 00001 0000 0001111100 0011 0000 0010 Ρο10, 01 qn'il
10100010, pour 0000 000100111, 000 10 vivre 001 0000 0000010 onesi pour 000 001000. En 10 mort
100, 01000 d’outent 000 0000 0 000000 10010 000110 0000 contemplerone 10 010 010100110 0010000 1010
Ι)100, 000 000 000 0000 00 00000 0000000001· 00111011000 regreto: tellement 000 noue 00111000
10110, 10010 0001001101 lien il ee monstro 0 noue 0100, 110100, 00010100-101 comment me gouveroeroy·
por 00 Ρο1010; (o’eet le 0100 miroir) 01 0010 0000 101 001100-101 Noun 0000001000 broche 0100100
00000 01100101 100 1001 10 010000 10 00 presence 000 01000010. Nouo 00 111000 0100 00001, Ne bo·
et 100010 00101001 0011 10 10 none, 00001 0000 0100-10 0100, 00 0000010010 plue? o’eet t 101100
00 00010100 001 1100 01001100 01 10 1001 1000100- 100100 110100, 10010 mointonont ie 0010 000 0100
0000 d’intelligenoo 01 10 101000, 111001 1100 000 Dion approche 101000, 10 m'en 000 10000000 pro·
0000 10 000000. Gor tout 10 mondo 001 comme 000 0101001 devort 100, 10 m’on 000 rendre 00110 000
image 0100 00 10000110 Dion deeploye 00 00110 01 010100, 01 100 renger 0 1000010100 0 1000 0010.
00 10010000, 010010, 00 000 0000 commeo gouveroeo Qoood, di·ie‚ 0000 001000 01001 disponer, 0000 0001-
0000 00 10010, 0010 0000 0010000100 0010οω0100ος0 1000 1110 oreo David, seigneurie 10 recommendo
01001001110110001001100,1000010οο01 000 1000000111. David 01110010 10100100 010, 10010
misericorde. 1100100000 1000 10 01010 0 00010 000110 seigneur Ιο000 011101 0000 monstro 0011
condition 10, o’eet 100000 exercet 0 00 000 0000 0000 10 1001 1110 00001 00001 Dico 0000101110
01011000 Dion commo 00100 001οο00 00100001 10 00 monde. 1110010010 00001 0000 00000000
former: 0100100000000100 00111000 1100000101 tone 100 10001000 10 Ι)100, 000 0000 0001001000
100010000 comme 0000110 Ρο10, 01 00’00 00001001 00001 10 10 glorifior: comme oe 0001 choree ineo·
100 11000 0011 0000 00101011 0010100001, 0000 000· 00101100. Solon dono 000 Dico 000010110011101·
000 0001010100 00 10 10010 10 010 0010010. 1110010 0000 10 000 greces, 01000 10010 0000111011 0000

 

