207 suuMON CXXXV 208

1166161166666616616166616 16166. Et 11661 116 66166661 dureoomme 1661661616, 61166111 qu’ils ’

166666166611166 666 16 S. 1166111 1161666 161 166 16 1661661. 11116 66661 11166 61166616, 0666, 1661 ,
hommes 1 16616661111661 661 11166166’666166661 1661661611 Et que reprouvoue·nous quood 6666
616 166111111116666661116616116616166611611166, 166666 111161116666611 Ν’661-66 616 6666 1166661
61666 661166666661661116666161166661. Vouloue· 666116 61 16111661 011 661 11 16611166 16 16616
66661666661161166116661661661666661616111161 1161161616’661-6661666 111661 111666616611666
11166 6661166 11 appartient? Eutrone en 6666, exe· 1616116166 qu'il 161616111 116666166611611 111
6116666 bien 666116661 666116 611616, 616616 6666 6611 6611 61666116 66661 61 66161 666 6666 166·
116611166 bride 6661166661 66 616661661 1166 661 11166661611161661166611161116 6111166661 166, 61
6611, 66161 premieremeut 6666 6161666 666 6666 661166166161616611116116, 61116 66’11116166666
66611666 hommes. Voilo douo 66 666 6666 61666 6666 6611666 116616 bon. 16116 66616666 11111,
1 1616611 16 ee passage. 111 1166116166, 61 non 661 moi.

Or 666661161 11 661 111, Tu 66 reproum}² 111 Et 666166 666 166 hommes 6666 6661661 oon·
6161611661116611661111 moi. Dieu dereohof 661 16116- 1161661666 61116166, 0166 61166616 161 6661666-
16116666 6666166666666111666611611116116 166 61661660166616111 uio. 0661616 s’il 6666 re-
hommee quand 111 61611661 11661 1 l'eueoutro 16 16166611166661161666116661 6666 16166616 langue
161161116111166616616666666166166616616116 1161111116 666 1166 6166, 16116 6116 1116666 16
11 bonno 1616616 16 11166 166166166166 qu'il 1111, 11161 161161 666 6666 66666 666616 11 611666. Or
6166166 616666116 6161661661 111611 16 611616 61 166 6666 61666116 666 11 6666 111666 666 66616
1616611611 6661166 6’11 661611 66 1661 1111611616 dire, goutte 16161666, 666 6666 serioue 6661616 166616.
06111661 616 bien 1111, 11116166611166 6’66 16· Et pourquoy? Si uu homme 61116 6166 111611
66116. 11661116666666661616661616116661161666 6611111, 6661-6666666 6611616 1666161666661611
66161166116166 6666 16616616 661 661 66166 16 161161 111166166161666116 6611616611, 1611661 1166
6666 661 6161611111 1’6166666116111166 qu’il n'exe· 1161 611166 666 666116 861666616666661666 66661
6616 66 qu’il 6 1616161166, 6111666 166666111, 11 66 6666 6111116616166616666666116111661166161
Dieu 666111666661111661616616616161616611611 666116 1116. 01 6116166161 66’66 616116 61 6666
o’eet 66 6166611 diabolique, o'eet 6611166166161166 611666 bion 66616666 6661 6611666. 06661 66
1111161 16616 666661661 6666 161666 16 beo 611116 6616 bien 61616166166166 661 661 16 66116, 66 66
6661 trouver 1 161116 66 166166 66611166161161 11661611 66’1666166661 116116 propos, et nul 61-
166 6116666 66 6666116666611 6161 66 6666 1611 16111 666116 langue 6616 bobilo 1161 61 6166, 61
61111661 166 1666, 61 noue 1616666 666 666161116166, 6666611616666 661666 16 6666 1661 66166111. 111

6166166166161 666 116116 66666 6616 1 l'eeoole, 666116 1611161116 66166111 Ν66616666116666661-
’ 6661 66116 61166 rethoricum, 6661 1661166161 666116 bien 66616 6666166166 666 11166 1611 661 6666616, Et
Dieu: 61666166 616 166166161 66 qu’il 1611 666 que 6116-1111 Dt-te: oomme 611 diruit, 16 1666
66111 01161 166 116166666’16611166666161161111616661 16666 66666 16 611161, 16116, 1666666661 666 1666
111 bonne 1616616 1611166, 611 661-66 611116 66 1666111161 661 611661 666 1666 66166 61666 61 66166-
66611 11616616611166616111611161661166161661, 166. 01661-11116616661666 66166 1616, 61 qu’il r
pour 1116, 11 1661 66611166 1166 616611 11 6611 n’y 1 66166611666 661666, 61 1666 suut-il 1666
1666 666116 valet. 111 11661 16111 116 1166 1161 6616166161 6661661 666 16116 1166666 16 6611611611
6661616 66116666661 1661, 616666611616666 1661 6661666 u’ovez 16 quoi? Or 66161 6666 6661·

6616166166161116111, 6611661666111661. 11’16- 1666 11116 666111 profit 16 66 6666666, 11 66611661 .

116161611666666611611111166 66161 66 6666666, ’666 bouue doetrine: 611 66 premier 1166 noue

66611166 11661 6116166161 66 66616116 666116 6666, 166666 666116 661 11 16616 16 666116 116, 6’661 16 ¹

61 dit, 111 povres 6161111166 666 protendor-vous? 011 661616111611116611611161116661 161 661 1666, 61
66 6’611 666 murmures iournellement. Voiei 16 qu’il diepoee 16 6666, e’eet 1 1116 qu'il 1166 16
611661611 6661666611611 11116 16116111 66 666 611666, 61666 66161 16 6616666. Ν666 66 6661666
16116666, 61 16 trouver bon, 61 66161 1616116 61· 661611666666116166661161 1 11166, 61 pour lui
11661116111611666116 61666 61 16 1666 humilier: monstror 66 16666, 16116 166611666 66661 1661 oe
1161166 1661 666 1666 16 116161, qu’il n’y 6 66166 qu'il 1616. 16111 666166 Item.

qui ue e'eslove 666116 166. 111166111166666616 1111661666 66661616661666 11166 1611166161 T
vous 6666 661611 0661 11611 61166661661666 666 166 chorosque 6666 6666666 66116 1166666 6661 66 ’
16 66661666 1 66161 0616111166 66111661 16116· 616116, 61 666116 61161 16 666 1161166, 66 6661
1611, 116616611616 qu’il 1161666 6666666666 61116 666116 11166 61116. 01111 666 16 66616 6116661611
666 61661166 61 6611 66 noue 1666116 61 66 6666 es· 661616 666616 1166611161 0666111661166 66616666,
61661166161 6666 auriono 166 666616 661161 6616616 61166 66116116166, 6661616 16661 S. Paul dit (Phil. 4, 6),
6116161, 61116111666161116 66616 611616 616161 66161 06666616611616166666161661166166. 061611666 ’

 

