9 IOB οΗΑΡ. XXXII. 10

8888 1181118 88 1188 grande 1188881, 81 888 8888 8818 eognoissons 8811 1 8 888818 88 188188 8811
881818888818118181888 88818881 11 18 1811, s’il 1811, 81 qn'il n'est point 8118888111 8 fin 888 8818
88118 888118 qne lo mol 1818 1188, 81888 Dion none 88818888 18 8888 renger 881811188881 8 88
818881888 88181 888118 118811118, qn’il n'oit point 1818818. Et mesmes 88881 Ι)188 88 8888 888118
81118 18 8888 888188 11 doit: 888 8888 88 188811888 881818881 18 188811 18 888 888181, 8881888 888
8818118 11118 8 181188 8188188188 88811888888111, 8’88188188118 81888 8811 8888 1811, 888 o’est 88
811.111111.1111111111111111 1111111 111111111111111111118111
nous n’sppero’ovron{ point lo 181888 18 88 qn'il 8888188818881888188188188 18 pmonde. Or 881-11
1811, 8818 188 8188818 8818, 8881888888 18188118 81881 888 noos sommes bien 1818 d’nne 18118 881·-
8118188881 11881-118888888818881188818188188 1881188. Qn'est-oe dono 888 Ι)188 8888 88811811
18 0188881888118 sens? 011 88181188 811811 Qnel 181181 088881881 8’11 8888118118 8881 888188181
propos 1 881811-111 dinei dono que 8888 8881881888 888118 patience, 8811 8888 1888 88888 88818 81888
18 81811181 Ι)188 88 1881 88881118111 81 88811188 18 88811111 8881888 888, 8888188 8811 8888 88881
8888881818 888888111818, 888 nous 88 1818818118 81881181 8881 888 8881881 88888188888 qn’il 8888
888 tonsionis de eonfesser, Η81881 08188881 81 18118811888181111888881,81181888881818111888
188118888188888188181,1888111888888888888 nous: 81 qn’nn 818888 88 888 endroit 811 88818
881 881188. 118118888881818881818181818(12,1), modestis-lo de dire, 111 1188, 1818811818 88811188
81 nous 1888811818 8188118 18 oe 888 8888 81888 881181118811888 88118 18 88, 8188 semble bien
8181181 881 88811888881888881881888 1888881 81 qn’il 88888 888818 88 8111888811 8818 81 88188
grandes, 8811 888181188118811818881881881818818 888 18888881 88111 88 181811 881818888 88888, 81
18 888818 8881 8181818181, 188188 1818 11 nse do si 88 8’881 8881 mos 8881188 qn’il 81111188, o’oet
88818 8181888, 18188881, 1888188818 os inste: il 881881 (18 grone 8811 88 18111 881188 81 merite
881 1181 888 18 18811818 881181 88 disputo 888118 1818818881 8188811881111881888181818881818818
181, 18 8818 88118118 18 mon oppetit ohornel: 81 888818811881181881888188881818818.
88881 18181188 818888 88118 81 88818888, 18 188· Voile dono 88888 Ι)188 8818 8181118 881 8888,
11818 1188 8’8888811188818881 1881888 18 be· 81 888 8888 181 attribuemus 18 1881188 881 881
11111111111111111111111111 11111111.1111011111111111111.111111
18 8188888111 88818881 18 18 1818 81881, 18818 18 sioni des Romoins (1. 1911 Α fin, 11111, 88818818
81818818 888 18 88 18818, 888 18 88 888118118, 81 188818 8811 81888, 81 888 188118 88818 88 888881888
8881188 88 888188111118181881888811 11811818 1818181118 8 Ι)188, 81 888 181 8881 8811 18811118.
1888888. 0888881 881-88 888 Ι)188 8818 1881118 881 8888
Voiln 188818818881818888888818188818811, 88188 881881 Ρ8811 Α 881811 88881 8888 18188818-
188188 1818 81 8888188 888 188 ingemens 18 Ι)188 1888 1888 8881881888, 81 888 nous n'onrone 88181
inoomprehensibles 88881188881 88 1818811 o’est 8 88818 1181118888 18 8888 1811888881 888118 loy: 8818
881811 888 8888 oognoissions 888 888118 888111 888 8888 8881888818881111888818888888181 888-
n'est point 8888118 18 8188181 81 hant, 81 888 88 81881888 1818181188. si dono 8888 88188888 18,
8881188 81181888 1188 81818818 8881 8888. Et 881 81818 0188881818811118, 818181118 8818811888818
1881 181188888 8818 88 888 8818888881881 888188 888188188 18 8888 8188 181181888888881118881118.
888 1 8 hommes sont 818188 1118881818, 118 8811881 111818 88 888118118, 81 188 18818188 n'oslesent 81 88118
18881818 88118 8818 181881 Ι)188 81 innoeens: 81 88 88888188881 88181 qn’ils sont redevsbles 8881
s'ils ese 1881 8 818118 8818 18 1881, 81 est-oe 88 8881881881, 81881118 88 8881888881 18 18118 18
8888 88188 qn’il leur semblers bion 888 Ι)188 8’8 188881181188881811188818188111188188811188 88118
8818188888188 18188 8881881118 88 81 grande 11- 8181881881 18 1881811188111810188, o'est 8 1118 18
gneus: 8118888 88 118118 8881 8818181111 ses 888188, 18 888188881 18818, 81 881-88 8888188188 88118 18
8888188 qn’il en 8811 888181888. Et bien, 11881 condemnent. Au 18818, 88881 11 881 111, 88111188
1181 88818 8818 8881881, 1118-88, 81818 81 88 8818· 8818 81881 88118888, 881888 qn’il 1 8 818818 11118-
18 88181188 81188 18 88818. 111888188818888- 18888 88118 88 88811888 881 818881818 d’nn 8818
gnomone-nous point 18 81881881 18 888 8881881 18 Ι)188, 8188181 888 818888 18 8888 8818, 88
(1881 888188 888 8888 81811888 188 18818881 181881 8881 888 biens, 88 8881 888 honneur, 88 8881
8881888. 11881881 1888 888 8888 888888 endon 1818881118881. 08188181881 88 888118888 81
18188811, 11 1881 888 8888 8181881888 8881818888, 88 despite 1888 8888188 81118881 88118 exesse:
881 1881 88881 Ι)188 8888 afflige, de 118 88181 818888188 qu’il 8118888 888 88 88888 881 bonne:
881181 88 88818118 888118 181, 8888188 qn’il none 18811888’118118888 018888 88888888881111 881
888118 888 ses 8188118888 881881 18188 881 trop: 8888 888888 1188 81888188 88 nos 88881888. Voile

 

