119 8111111οΝ CLVII 480

tout bien de 66 61616. 16116 (1666 comme 6666 16111666 66161 6611 6666 66616161 16116 quelques
61666 6 6666616116 666 Ι)166 661 166166166661. Or 6116116 666 Satan 1666611666116666611666116. Gar
au second membre Iob definiet 666116 661 16 6616· Ι)16116611661-66166661. Ε6 6616166666 6666 qu'il
66666 16 Ι)166, 616616166 116666 161661666161166· 6666 166166616161116 16 661666666 16 Ι)166 6166 66
161. Car il 66116 des penaecc 116 Dieu. Nous 66 6666616166161161161611666’116666161661616661
voyone beaucoup de phantastiqnes, que 666611 116 66661616. (16661 6666 6616666616, 666666 1666116
6611661 16 16 6616666116 16 Ι)166, 116 6666616616661 1666 66161 16 bride 6 beaucoup 16 666661611666
616616, 061 Ι)166 661 1661 66166661, pourquoy ne extravagantes: 61 661666 66661 16 quoy 166666661
fait-il 16116 chose? ni Dieu 661 1661-66166661, 6616 166 61666661166 16 6661 661 66 1661166661 1666116
661 possible. 16116,1661611666666166166661661 16 16116 16 Ι)166 comme 1666 6616116. Comma
6111616666166 666 imaginatione: 16 66166666616 6661 61661616, 16116 166 Ρ6616166 661 1661661 666
Dieu 66 6’6116666 661616 666 1661111166, 61 n'ya 16 6616 66 change 66 66166 16 16666 Christ, 61 666
1166 16 commun. (1666 16661 Oe 6661 choses 66 661 661611 6616 6666161661 16116666 Ι)166, 61
166666161166, 6661666166666616016661661616616. 66111 6166161 1661 1116 116 611666661, (1661616611
Ι)166 661 1661-6111666611 661-66 6661 16116 66 666 Ι)166 6’661-116661661-6111666611 16116161616661·66
l'homme 6616116611 66666 66116661 fy: 61616 6’661 6 66616 116-161 11 luy donc 6611 1666 666 16 soleii
66616666616111 66 qu'il 6 6116666 66 666 6666611. 6611 obscur: qu’il face 666 16 1666 1611666 6661
Ainsi donc 666166666 d’onir 666 1661 chonen, 6611 1666 6116 16 16116 6611 66 6161, 6116 6161 66 16
66661611 16 6666611 16 Ι)166 61 66 16116. 16116 16116. Ν’661-66 66161666166666116 Ι)166 6666616,
66616666 Iob dit, 666 nulle 6611616 116 sero 1611166 66661666611661166661661116111611616661666666
(161111661166 61666161 666 66666 666166116166166 de Dieu? n’est 666 166161661 166161116, 61 16 661-
66666166661 61 66 66’116161611616661 (661 66 6’661 1611111 61 qu’il n'y 611 6166 16 1166161166 6611616
666 6 661) 61616 66 666 Ι)166 6616 61166666, 61 66 blane 61 16 66111 11166161166616116661161616·
qu’il 6616 66666 66116 bon. Noun voyons donc schamment 16 661666666 16 Ι)166, 61 16166661 66
61616166661 6611161661 6’6616661666166666616Ι1166 opprobio? 111 d'od 11661 66161 (1661666 166Ρ6·
1611 66116 666666 16 66661 6’661 afin quo 6666 66 616166 6’661 666 6666166 6661166 66616 locon 661
16611666 66161 qu'il 66 1666 1661 66 qn'il 6616 con· 6666 661161 1666611661 6’661 66661611 666 Dieu 661
61611 666661616166111616616666611166666161616 6616666166616666616111666611661166. Or 611
66616661111661161661616616 16616 6666666, 6’661 66166 6666611 1611166 en 6661 endroit? Il 6666
6166(16661666166661661116616 faire: 661 1661 166116661161, Ι)1661616111·111 Quand 16666666
6616 661161166166166 66 61616, 6661166 66 16 6661 6166616 1616616 16 Ι)166, 6161611 6666 166166166-
61666661161 66’116’666616611666 1661 66 qu'il a 61661 116 66 661666666 6661666616611116616666’11 6 61-
61166. (1661 6616 611661 6616616 661 16 61611666. 16666 66 666 6666611. Μ616 66 pensons-pas 666
(1661661666666116 16 661666666 16 Dieu 6666 616- 666116 Seigneur 1661116 666 166 hommes 166661161-
666 66 161666, 116611661 66161161166 6116666 61116- 1166166 661666666 6111166 leur 6616111616. Retenons
16666166. Et pourquoy Dieu 66 fait-il 6661 166 1666 66616 instruction qni 6666 661 1611666661 car
6611661 1661661666611 161161 16616 661-66 6 6666 6616 66611166 6666 6 1661616 66 1616616 666616
16 luy faire 16661 166 16616 6661161 (16616161 666116 66161, qu’ii a dit qu'il 6666 616161166116 166-
(1’61166661,6166166’66161661616116. Oependant 6666 6 16116, 6611 6661166116 6 tontes 666 66666-
6661-16 meamea 66 6166661 66161 66116 d'attribuer 61161, qu’il nous 16161616 66661 6666 661666 abbatos,
61116616616 161-1661166111661666611661’6666161 qn’il 6666 1611111616 66 666 1616166666. Ρ616 666
66 luy. Ε16’6616111666116666 1611611 666116661 6666 61666 16 1616616 16 Ι)166 6616116 66 666
16 6111666666 16 Dieu: 6’661 qu’il 66 166116 66161 6 6116666, 66 1661666 66161 qu’il 6’611 66 16616 6616616
6666 16611 6161666661 61 quoni 666116 66161 661 66 6661 16116 66 qu'il 6666 6 dit. 16116 1666 comme
66 16616, 6666 66166166 66666166 666 661 6161 66 16 61616 61 16 boucha 16 Ι)166 66 doivent ac-
6666 6661 61166111 6’11 6666 6 66 66 6161661166, 661161. 116 boucha 16 devant, 6’661 6 1116, 666
6666 66161666 66661 1661661666166 que 6666 661666 66666111 616616 66 16616 executa tout 66 qu’il a de· ’
16116616166 666116 666 66661616. 16116, 11-16, 61111 16116166.
666616116111661116116 661666666 16111661 6661616 Or maintenant 66116 61666 666 1661 61166661
11 6666 661 61666116 66661 11 661 111, 666 661 66 66661611 qu’il 6666 1661 6666161111 61616661661 6 66
6666 161116161616616 16Ι6666 Christ, lequel 6666 666 Ι)166 1116666666 ce monde. Et poniquoy? (161
661166 66 66 66116. 111666166661 Car 16 Ρ616 66666666116611166. Et 6616 6666 661666 66661 666
661 6666 6 66161616 6 iay 661 6166 1611 666 1666. 6661 office 16166661116611666111616611 61666 6’661
Pourquoy 66166 61 6 6661 616666 666 16666 Christ bien raison que 166166 616616166 66 16166661 66616116
6666 6166666 16 661666666 1611661616 16 Ι)166 666 661 luy: et qu'ellea 66 6166661 66161 66616 liberte
Pero? (1661 afin que noua aoyons 6616111166, 66 1666666161161611661116611166111161666’611666’6666-

 

